PFE,DHR,SPG,ILMN,SHW,ZBH,CI,DLR,BSX,MOS,AMGN,VMC,ISRG,UHS,ARE,PKI,PKG,EW,APD,RMD,BMY,MAC,MCK,GILD,EQR,IDXX,MLM,IQV,PDCO,SLG,HSIC,WRK,EQIX,PRGO,FRT,REG,AMT,CCI,LLY,UDR,AVB,ALB,KIM,HUM,MRK,ESS,BAX,O,FMC,WY,NUE,BDX,ABBV,MDT,PLD,AIV,ALGN,DVA,COO,UNH,IRM,DGX,WAT,CNC,DRE,EMN,VNO,MTD,VTR,XRAY,BIIB,PPG,CAH,FCX,IFF,INCY,ABT,SBAC,MAA,IP,ECL,CF,REGN,VRTX,LYB,LH,JNJ,AVY,BXP,A,SYK,ZTS,HCA,HOLX,EXR,NEM,HST,PSA,ABC,SEE,TMO
0.03978422491970265,0.024373167130272794,0.03182136711981148,0.04012515996616856,0.03287273102181257,0.02482475383798967,0.0020342004929131043,0.02027850722789457,0.032785440366189585,0.031294295512960896,0.03631829875207,-0.013030918789966747,0.035648272803469404,0.024101497254468352,0.012525647493536728,0.03166459686292712,-0.007236495416452746,0.022530188657990047,0.012766332414950423,0.03297784695882691,-0.001398092681960453,0.004957616515926896,-0.018086446935843846,0.0012825703865479497,0.010058745736460165,0.039425419209819075,-0.0021747315709241977,0.04028416927961925,-0.022737261716311977,0.0247213001629004,0.012241670653322444,-0.014272809606633404,0.0010890775325267399,-0.015261540821685399,0.012487939634135465,0.011041466022012046,0.020827064913244688,0.023160599732930984,0.03985299873249027,0.015431396533415508,0.010773681173533691,-0.022155609385839607,-0.00257481149763099,0.03717843715438273,0.031135650440197407,-0.007018099356199502,0.02886667769926709,0.01615328396347363,-0.00036980124161857205,-0.00017530364906960215,0.017628289340066033,0.03325129173380602,0.0025088137138557553,0.03462677486403341,0.012519729751873385,0.0053272277476318994,0.036510395541958514,0.021669315169495565,0.030001833299538205,0.035220016970927664,-0.005413650020099811,0.025030639430942383,-0.0008373237571499821,0.04049080802730647,0.006483404545738495,0.009869549404656194,0.010784832087444981,-0.010335869508639413,-0.001990898945864195,-0.028313813271518988,0.02211064790566798,-0.000439214463698256,-0.02304284969545319,-0.004947369782908799,-0.013126871958405575,-0.021273348231042908,0.032826791828282686,-0.001130860602028537,0.008301980460394291,-0.00926236797868669,0.031640663373476596,0.029516862499465845,0.001256593628654443,0.02962459854436783,0.018876991647281325,0.024182985077398782,0.00468537852303776,0.008191904623840155,0.022932211247164304,-0.00076327661010314,0.021277993748077848,0.03327138249307733,0.03923427459024463,0.013115536897161563,0.020668661108531966,-0.021094914752290757,0.024327885440517383,0.011228715080288838,0.005484108111390151,-0.01510024207369961,0.03510720266399035
0.024373167130272794,0.06728388267772566,0.009796778961581725,0.048896115047227594,0.03548193134630787,0.004704650401837595,-0.016136319488622597,-0.027389615243060272,0.0280332731358798,0.05451390844586115,0.016076517722910997,0.008527858300409759,0.05627012436839685,0.03555245835217805,0.017884360016630983,0.03655761367787978,0.006721985484307259,0.05813941127388829,0.03820373331874869,0.06812427453003994,-0.028107473850240698,0.005180043616148476,-0.011139405815114157,-0.021635926005449033,-0.025760021414303613,0.058849702866433845,0.016735884036961277,0.02928022237314128,-0.069358454552179,-0.002529486680323656,-0.02090102282754979,0.015273961912572652,-0.037396488007637584,-0.025346841233308444,-0.02687133646177233,-0.027430201890071247,0.004133536497311253,0.017617809691072538,0.012637958124828399,-0.027228606184500355,-0.03798633000168251,-0.06400566098282849,-0.050653953474621,0.05523206780430532,-0.0029377200017891474,-0.03992281352631058,0.05573304739251385,-0.027686315224657924,-0.016864005203451864,0.0277322490046433,0.053661878762268134,0.04872833875374523,0.025086682088105768,0.03526516398173436,0.0002857100222048668,-0.03967948370340816,0.058205826066272864,0.04223216129659884,0.006546062116445455,0.05857717610778912,-0.05117502670067381,0.03917402450998867,0.03255119183514461,0.04827788031956739,-0.023631164268186153,0.06059494765945037,-0.036790782136426003,-0.03007779702876993,-0.04984415579688403,-0.041986792029201594,-0.007409644911904671,-0.011556673467827043,-0.028607817232211667,0.037015031521813686,-0.03777673453283862,-0.054886395820717505,0.056757408266426806,0.030864928151118957,-0.04592335375504558,-0.011701384255577376,0.052475540710378986,0.03470228633061007,-0.04357802117836991,0.0304366215975921,0.04234211138739503,0.06051285522763609,-0.0213845617628287,0.02689496952617992,0.0007328331827273404,0.005406779402418846,0.05727005300661752,0.06711724462579725,0.05194197994148142,0.017004099922277114,0.046707233039043256,0.0033634991738015732,0.03964530131322261,-0.006330199350177392,0.026020350100230998,-0.007137791145631999,0.052645060000719925
0.03182136711981148,0.009796778961581725,0.04557959180746713,0.0358470925746092,0.02932845894236731,0.02513305690056472,0.007235736002262621,0.03384226149761299,0.034342193114430646,0.024609729424926636,0.03656098908698086,0.0007812448649317969,0.0291058011725625,0.009718675671019257,0.01864395986276803,0.021760477192820767,-0.00540368526015583,0.014145986867777887,0.0004296507060236192,0.02304138643392569,-0.004336344073670538,0.009341720837223436,-0.016395968500027912,-0.0011938344889105461,0.022174115100008877,0.031875279757059095,0.0113950137472472,0.035476591892803354,-0.006745199879596694,0.0315532541710753,0.019456282828806903,-0.026673894145354295,0.014954705628073082,-0.014935486329996256,0.03265781584841796,0.028701834912331588,0.020985693830217474,0.019690179496497998,0.04163215702999188,0.03054199184076208,0.026959069342601668,-0.007949762554255765,0.020030550535034674,0.028157092304459123,0.03542082697602437,0.0015727189688314936,0.030404035013513533,0.03190877319600892,0.015699176616482034,-0.0018171852887935269,0.010293547106817976,0.02717707138602377,-0.00734028278596611,0.03576544406286608,0.01744662453095498,0.021743155996051918,0.03470034832135579,0.019488639321760644,0.029611443609806557,0.02978329047248881,0.012717902713137691,0.027143459284595634,-0.011648912082998363,0.037864861147843286,0.025091793520218567,-0.007821406305756975,0.0332872360907143,-0.00430113430614975,0.019458993334883108,-0.0208147764612943,0.03359650267748525,-0.005885010645868229,-0.030890513015640435,-0.01211299041650203,-0.012539893245707001,-0.010922246277388034,0.023060043810434302,-0.00970473794639037,0.028256785195347186,-0.006161313735505099,0.021737450295469855,0.026741358087142467,0.01223345047487277,0.019949067445993503,0.01336746656243014,0.020726663615558076,0.006629087787029933,-0.0007527259149910248,0.029940115818437033,-0.010828354793017525,0.014804461223954792,0.018518440432634432,0.02838857608178336,0.021955339293422322,0.025997842037100354,-0.024999796190781087,0.03158809495578089,0.027391633722995305,-0.0011870085322797464,-0.006468257002140945,0.019519594605977828
0.04012515996616856,0.048896115047227594,0.0358470925746092,0.06662837679414672,0.03761343264002581,0.012469301353281587,-0.021888646634427588,0.008710088195535905,0.05527637512721249,0.053395203793908934,0.03963411100657066,-0.006519000732511452,0.06440747136865424,0.03406553333313959,0.015754350161276524,0.03951425574965636,-0.012395974279596898,0.05742185412405304,0.016493637337651752,0.06753829787675993,-0.02884394401483163,-0.008906857937815609,-0.03172582293405653,-0.016047667769863033,0.0015277464670733038,0.07252926385545348,0.010383441656808092,0.0484653436057684,-0.06648189459821532,0.02021186916509092,0.005922705001660393,-0.024389628884716477,-0.0200612253244527,-0.04203042803718016,-0.0012374040115904793,-0.009559764746884128,0.018955772466512404,0.019353647380894914,0.040849696448656124,0.0032138747379093936,-0.007025800993185409,-0.0611254422301492,-0.02241797845035101,0.06579275679941769,0.03366227945722532,-0.021012653181210785,0.06008183821117073,0.005725024771204253,-0.009691830273781992,0.010427129284486152,0.03414481020365465,0.050158853836621074,0.0035167346352551177,0.05062493643933873,0.012085092397646848,-0.011184141806197928,0.06839162961041573,0.032073723095873,0.031910210340838484,0.06123697495281491,-0.02934244948302667,0.05220129003720203,0.0025200804872537656,0.06544474705041352,0.010487089176018097,0.03781273760946162,-0.007420320750363307,-0.03705155903331622,-0.020072420198317696,-0.06078887817824111,0.013832637270271493,-0.029248192289854317,-0.05116205239193925,0.0027836161315611427,-0.052735390969805486,-0.04803782114876708,0.055382060223636835,0.004912893646453326,-0.00811863290912911,-0.026140351081956583,0.057646828016942826,0.040286065803292866,-0.019278099432278022,0.0412713793319169,0.029672229942007487,0.05810335402480942,-0.025326437456267427,0.0020313073807727484,0.017832625625740034,-0.0158105259998607,0.04864633867508598,0.0636932744197505,0.06165936861891167,0.010570739685964111,0.052534263438278876,-0.017193709139024946,0.04396461125612196,0.019666526172342748,0.005237503764132525,-0.027604420829807755,0.053931511135521894
0.03287273102181257,0.03548193134630787,0.02932845894236731,0.03761343264002581,0.046649058257491244,0.025391017738858816,0.011796152446947981,0.007622209535849097,0.020959649767330814,0.037505410853358206,0.02832594935093516,0.004217337383417368,0.03740966799309271,0.02224606481179886,0.019435496103794643,0.034049238593367843,0.0025262331016741506,0.026160324491966307,0.02386830437539718,0.0380665010406209,0.002983225888691378,0.021537721480315724,-0.013500764373343842,-0.002845173114715069,-0.0030808270982190422,0.03746949322437328,0.013438276373487539,0.03963778024662635,-0.02246979513623557,0.016075960365739165,-0.005116205810423229,0.004696137975673536,-0.0003240700652548804,-0.00665467086099132,0.007336736236930393,0.011114647695696436,0.017979180733635275,0.03410118987470164,0.03107732161378284,0.0031598514635338376,-0.0009221862300659077,-0.021787969350539997,-0.012917059738785357,0.034791430160060866,0.008237018245502038,-0.022413341373833568,0.03268789857088421,0.0011134830237128357,0.002679050260883142,0.006980650124472585,0.03569917990133917,0.039695721758234,0.013580839909372802,0.033300738308653634,0.003947316296196591,-0.0076417531164376315,0.04162383696604987,0.0371030070450118,0.02020568428763951,0.040780058625636696,-0.01373682008321099,0.0222629320118387,0.018099651603733707,0.03895694735462779,-0.010733918291782127,0.01857262109047554,0.003667429858099232,-0.0026659350201690304,-0.014341382465162604,-0.016019120795713142,0.022921490715804824,0.014549004044569689,-0.02082776039401292,0.018533635985980672,-0.005365718315972696,-0.025259487536497132,0.03937235300692191,0.01716451226757113,-0.008862432996892463,-0.00031943502377309414,0.025691413883669963,0.03335352769977497,-0.008934942276716363,0.028096139091512283,0.030822801428592367,0.03072623499049623,0.011728818814392852,0.027931637579627844,0.020128524450018594,0.009447927988947103,0.028916306271551315,0.03630718627147769,0.03823808835676097,0.030351913553562704,0.023802944570668012,-0.018237308902110175,0.03138416710966971,0.002578943605126321,0.01675337373116403,-0.00045850337583228773,0.03463105196721721
0.02482475383798967,0.004704650401837595,0.02513305690056472,0.012469301353281587,0.025391017738858816,0.05339332861852464,0.02837073053914504,0.019890998031753197,0.0069452344255654,0.01376417404752523,0.0326797622532052,0.005486974180373627,0.008325314899614546,0.014555056368378741,0.00724653011506099,0.02225277222086577,0.01650105933019279,-0.00721421098156681,0.010749550834060461,0.0017531799710022438,0.018686181485986386,0.01737956169469058,0.007207714928297864,0.01873584811668756,0.0017232433524559487,0.008050918122424358,0.0076000254801219976,0.02475863773333538,0.025748443011742735,0.015007603368989953,0.022524365407242602,0.004207249730859014,0.01219219518935664,0.01404633556251784,0.013577907136652275,0.019476181643002813,0.008571286966349682,0.013407225016805241,0.026697420024881204,0.010475922722989937,0.011564352225943243,0.012891674229192388,0.010038485701571528,0.007586374532331231,0.02319433179383756,-0.005400878933970448,0.00979289235741806,0.013966783911789224,0.017188288126575118,-0.009305360643027212,0.018861245846205,0.013764272999415276,0.012908292203314698,0.02257120695876512,0.0020223927839180546,0.0077563151137081746,0.0046439838027670845,0.02709595596869239,0.027479058794139144,0.011624895405929208,0.00662631291115036,0.007388556156156981,0.003930183578991674,0.012657488717805152,-0.0013376949127523493,-0.009938695394102194,0.017625150988106453,0.023049562756990157,0.009035559776712328,0.007344808563460017,0.03263685678754353,0.023599189034642715,0.010753645958962206,0.005817703569799795,0.019699494965099856,0.006923192741507331,0.013965766253688028,-0.01015005344542588,0.00791717709908849,0.02160496648996357,0.0024678963759524088,0.017463545277714373,0.014585473981738721,0.016705467723946488,0.01653401715144492,0.005647785178002688,0.027224914204078333,0.02196473633189071,0.014732633537087219,0.020234595258062666,-0.0001013375717129788,-0.0005336964771626171,0.015364385245629109,0.023370263319629016,-0.010973333929226291,-0.012716943345469483,0.011980188017824106,-0.004500556199635932,0.01639771246832322,0.008080390225503609,0.017585592504482207
0.0020342004929131043,-0.016136319488622597,0.007235736002262621,-0.021888646634427588,0.011796152446947981,0.02837073053914504,0.05492084556717928,0.015799710985776098,-0.02666990029701518,-0.011642448750074379,0.0016826541577862361,0.02062211323468951,-0.022797387251932876,-0.015596956065214445,0.0079430659638948,0.0012504615270096293,0.022633862699333592,-0.0398521363963104,0.007462604479668273,-0.03061383801318542,0.028069986019188913,0.03721369768918574,0.022747415796718736,0.015896072120796207,0.00781594272968399,-0.03530242988273133,0.012060009470562268,0.0008410751847585909,0.061791790093256235,0.0024320858462878307,0.004289188418838554,0.020852863146462692,0.030934382668920853,0.03564556453443813,0.025664008883128902,0.03814270898409454,0.004186886517499983,0.017232364163837804,0.00618048583103961,0.01657169083336083,0.023157707401446292,0.05105388844315022,0.026948682894985962,-0.02618945560583387,-0.006658532444380684,0.001239582438955844,-0.018453309434519994,0.013661254771592255,0.028268357771440517,-0.003993690960077353,0.0003388236625302929,-0.003802747308276866,0.00748984643072646,-0.0019310092241588835,0.00147295296170563,0.017845354878754487,-0.0209411838216172,0.012009856834221604,0.003169627729841138,-0.012680860713742352,0.03116798799636313,-0.022032649612521712,0.009793676066801628,-0.018981880360189943,-0.006543356007481548,-0.03271498542253528,0.02802786802737393,0.041686737946698776,0.025371601515767145,0.04720938822319051,0.028063363230858784,0.042358371985615095,0.025986875526337702,0.004500240542639062,0.052827971238666276,0.027615526696269356,-0.017374480282101933,0.002235306342601063,0.014839357483851099,0.03698763979458761,-0.026949972773068133,-0.0009032529883587225,0.020086819353968877,-0.015394877346554243,0.008446912554298016,-0.0239083368671194,0.047090173116837865,0.0286687742095121,0.0062466453633123475,0.02829483008543329,-0.020921063068834653,-0.031562215222390805,-0.02160093942065096,0.0345498346541975,-0.02839825592348237,-0.007614083824900439,0.0014272499092436116,-0.011405139329639649,0.011650077229758974,0.032850158352154546,-0.01681544124882862
0.02027850722789457,-0.027389615243060272,0.03384226149761299,0.008710088195535905,0.007622209535849097,0.019890998031753197,0.015799710985776098,0.06698581708860782,0.025242713827145827,-0.012294316637225444,0.023203529129590793,-0.012834852297924745,-0.0012004292847330564,-0.01704212630168281,0.006720041682066246,0.002013608359321467,-0.019237903676755125,-0.02765261570313998,-0.02024322518756605,-0.017987798354694575,0.009397853508389323,0.0009104381520897516,-0.019932307770526576,0.010265883000497666,0.05237544472609232,-0.0028079844097552314,-0.006867283815985005,0.029864808485681182,0.03333570933076018,0.032381716887686596,0.03669412920838143,-0.04340633760664587,0.04962128451211526,-0.001956050260636658,0.05145727454082947,0.046075426826756534,0.0328645645362943,0.019220738316174536,0.0391858135795036,0.058729492697638885,0.06141127479163945,0.03657998732818246,0.05247674088792207,-0.0032016003860623854,0.040131833664282114,0.0381421337251562,-0.005251454771013802,0.0541339798313057,0.027943167298630462,-0.01486029827928347,-0.034022964213369165,0.00291599829158477,-0.027261864367338757,0.015086890334593499,0.03145627483587567,0.05514049270533679,0.0019131101452862882,-0.02298457542430341,0.03709005393840637,-0.006696653078356859,0.05538291075201859,-0.0037878897578094706,-0.03055861319685411,0.008245968061102615,0.05162187689096797,-0.04572139342713661,0.054608647520222,0.016044045292350886,0.056365460202311354,0.004582391498764842,0.039490166144450445,0.002445789669200476,-0.020482295567183846,-0.053484733169901474,0.011731116122192851,0.024218772963124677,-0.010955697817990717,-0.025328240199898346,0.06453658453479406,-0.0066223821879003286,-0.004073645861536198,0.0011616706915340601,0.042738898347998634,0.003980712470946031,-0.015826743524019585,-0.025228657020512975,0.024700066070843265,-0.020688186117329546,0.02991962373234129,-0.009832776604096101,-0.018026992391287095,-0.022992976668069653,-0.004564474129604577,0.005972027744476959,-0.0036867441968791563,-0.02967090296251981,0.008549632362769894,0.03294457265534985,-0.03207002773423586,-0.007105160279756155,-0.007176950741403799
0.032785440366189585,0.0280332731358798,0.034342193114430646,0.05527637512721249,0.020959649767330814,0.0069452344255654,-0.02666990029701518,0.025242713827145827,0.06449719901201778,0.03529059771487774,0.03995823961131744,-0.009988122251043936,0.05325581970006161,0.018266387017620633,0.005530614597553088,0.025779904648279207,-0.01985861751519148,0.04295525491525168,-0.001912050541911555,0.04999098267130393,-0.029544854573704624,-0.024195297094127616,-0.034171584716990056,-0.009414927223205008,0.017625050520341135,0.06160243538744701,0.006768092894088037,0.04103105162528987,-0.05080158389112271,0.023527644569153176,0.02269323925584159,-0.04286374141840896,-0.007213903747645875,-0.04211803264668942,0.006484508105981688,-0.007010646572772197,0.016480003922407338,0.003818086206649209,0.039961545150579196,0.016175723214781546,0.00835119437351196,-0.043398323769038495,-0.0019342243268638897,0.05395429075047712,0.047571841254894075,-0.001192236142228393,0.050536374479576485,0.018760856317404533,-0.0024778387849893856,0.006746281299387825,0.010978410511070413,0.03648497917725791,-0.010185958608663006,0.04126503092653392,0.019607161707231674,0.006340004842311799,0.05587167170711369,0.008269699076051337,0.0372229942048427,0.044245607097546304,-0.00855898934836682,0.04284195839540535,-0.014337624844483835,0.05490532747429303,0.033291966555986825,0.018853344956372614,0.0060936377529320325,-0.028103776104258366,0.00023427228015925316,-0.05894055545367237,0.01663792367002797,-0.037471163905549054,-0.05023062036163508,-0.02162367921809143,-0.05339766123463954,-0.032282659266632784,0.038824833013075384,-0.01358746482735829,0.015742737474415423,-0.027743257888964923,0.04599732139111193,0.027767550875124874,-0.002551247437077589,0.034165257732603746,0.0119445788131707,0.041926314053710605,-0.02750026481583897,-0.020654775041555003,0.015661009540586218,-0.025214490728569117,0.0345146280091076,0.04311619219143221,0.04497387851121023,-0.006574943043988199,0.04549968863683991,-0.016742991181636756,0.03615359150526696,0.03260358354759886,-0.012038641762378044,-0.03544822232923465,0.040113592563643656
0.031294295512960896,0.05451390844586115,0.024609729424926636,0.053395203793908934,0.037505410853358206,0.01376417404752523,-0.011642448750074379,-0.012294316637225444,0.03529059771487774,0.056503948685698586,0.028226233870131148,0.005854282504393807,0.056137546620369946,0.03349882400474513,0.018576479243547085,0.036500835977977326,0.0024235647974676046,0.05354101513892932,0.028339597214444425,0.06343975092424668,-0.024350458077797416,0.005147122694752792,-0.016384718374811407,-0.018173543346284737,-0.01638406736407088,0.05992273310579755,0.015857887376577635,0.03503402971584009,-0.060075047480085526,0.011573186653376135,-0.010205070793432473,-0.0009162009396451534,-0.028999856278525336,-0.029490318222147593,-0.011692239308774775,-0.013880826790820552,0.007612040243717827,0.017804520562667348,0.025797403467725424,-0.01394743271310712,-0.024326296771548257,-0.056224422859882016,-0.03390910472917741,0.05545021675605168,0.011355681133081294,-0.03508399092082428,0.056309456271216814,-0.011746066467054738,-0.008701247197734909,0.018041785831781322,0.04789583623445115,0.04714009712642849,0.01852582156138543,0.04136598320537971,0.0033323624965746145,-0.02719358376170402,0.05985384911178677,0.04300483296930951,0.015292412398355005,0.058569208533240234,-0.04012076160944228,0.042962792137614794,0.016634963649076538,0.05371204920372572,-0.010374490049845747,0.04612191934198339,-0.018040850941289356,-0.03002003750029843,-0.03399599098142952,-0.04450320657782122,0.005079741176146822,-0.015481200715676815,-0.03639863594191358,0.025625915579099455,-0.038812794566842265,-0.049682398503943896,0.05362914642002961,0.017454886415795585,-0.02820143325326049,-0.012092844208300733,0.048915506853937085,0.04045306027143995,-0.03158038081738686,0.03179560509387011,0.03893903877538881,0.058798457810490395,-0.02105541164090469,0.02133244747936765,0.01000089935416516,-0.003663844307462911,0.05024825356541872,0.06199780912625224,0.05494812479405424,0.0205944310776998,0.04784055422077785,-0.0074089763840413676,0.04126635678249698,0.005128711507094089,0.02113717954253071,-0.011892033220863156,0.04889698435310255
0.03631829875207,0.016076517722910997,0.03656098908698086,0.03963411100657066,0.02832594935093516,0.0326797622532052,0.0016826541577862361,0.023203529129590793,0.03995823961131744,0.028226233870131148,0.06233925271090996,-0.0027945145271127837,0.03380536286750427,0.024587933615485287,0.003584854783543179,0.028290923276448526,0.0032723826946476115,0.026816017150918813,0.00018895039116494805,0.03058969974214903,0.01032480051596265,-0.004829501054487711,-0.009996755626677536,0.022431469303356117,0.005870339964863707,0.041840688906903845,0.011259384264613868,0.03627785851824317,-0.010520450386567733,0.025128155487599838,0.02550578466033377,-0.01729408295111205,0.0009570754289226111,-0.00993989613074514,0.012358578237943592,0.007092226258385983,0.0158943716282114,0.014661720116144937,0.038551993618306836,0.011141637065575916,0.009490618319143522,-0.02121492398806961,0.008883590103129784,0.03597657584509641,0.04605764724225083,-0.007424032860822231,0.03502407181305032,0.02103745380276024,0.0029832897068103677,-0.008887927255676364,0.021901792749770336,0.026094606163808584,0.005809115064155567,0.03732897189554449,0.004978199141316834,0.007046496069372066,0.03523454029777017,0.028795023174675107,0.04207596081281788,0.03117639934271842,-0.004465276652157555,0.04052982167659425,-0.0005156725012985153,0.038409905497182,0.011645088706539715,0.0027090148093319418,0.014492970923916743,0.0025656200221183725,0.006697776231925422,-0.028380872514923598,0.03517359255136103,-0.00677465515405209,-0.009888092269971454,0.0010479910778988539,-0.01912526080191688,-0.007883022937737426,0.03157492513455079,-0.012960889725107868,0.014695551204216778,0.002899198642911264,0.017522726072144838,0.026859032878476064,0.013743324457005249,0.040787148953440204,0.015250779229594818,0.03338928595034144,0.0006290940782591096,0.001833987711157815,0.018617592581595156,-0.0028057197818920107,0.016641786373348285,0.025220078325192196,0.036544431580435174,0.013534375095844514,0.01552051257389922,-0.017491650249234658,0.02221852445583136,0.016248995304699237,0.011914039678192183,-0.018315212272871806,0.03243695255103866
-0.013030918789966747,0.008527858300409759,0.0007812448649317969,-0.006519000732511452,0.004217337383417368,0.005486974180373627,0.02062211323468951,-0.012834852297924745,-0.009988122251043936,0.005854282504393807,-0.0027945145271127837,0.05023706168852699,-0.0009301654332650764,-0.011090835574982884,0.008679049445560255,-0.0024983080275010694,0.032557560724913726,-0.0009505413268374532,0.01158602929312716,0.0025662374433487005,-0.007616388542816317,0.017643512851449498,0.022727989336012937,-0.00418792291944986,-0.011623198855957886,-0.00869602737087911,0.04436880042321001,-0.01316953417970943,0.016581480563136207,-0.011368706426764979,-0.007741138287655081,0.02190177449268806,-0.0013544963669894997,0.01271682677898353,3.572491790842007e-05,0.0029982840465357457,-0.013816726749239203,-0.006138484073706427,-0.011394295775842573,-0.01029634998445072,-0.009946730259415396,0.011098944504271659,0.0006967748436496708,-0.006132614294895568,-0.012918636953547969,-0.016180788957962152,0.016834748242307396,-0.009352525987590383,0.023269164312462676,0.02025083374229666,0.023844981680192907,0.003413803088941137,0.01389841033236094,0.004893400370761442,-0.004096688144347384,-0.008965557194570916,0.005142988931644752,0.023310285802574916,-0.012631437243559217,0.007306822537905355,-0.0011939613011930103,0.00531280645890966,0.02020538324564079,-0.004203377679425383,-0.005662909620837772,0.005658909486027596,0.0016318373653862832,0.01798619962016544,-0.0015115122874363898,0.017040728094365187,0.008649129324083085,0.006993705230205341,0.00521504191794431,0.03172580565473863,0.006086035611830912,0.0017761117763356359,0.0027201965251274084,0.011814397719454021,-0.011230581150686121,0.029081172107355523,-0.004783658630495165,0.0024995203142387165,-0.0083982422222822,-0.012610319573363607,0.02137824921242522,0.017041704203262485,0.005935756770037707,0.018115246870088416,-0.009428772915677536,0.01048423398989595,0.011655192305342893,-0.005318568165684341,-0.011024274599354313,0.026490202319485474,0.008420948448721812,0.014045732819774304,0.023355773952175325,-0.0032056129717522863,0.018792609856579833,0.029573674964407423,-0.007486042353220442
0.035648272803469404,0.05627012436839685,0.0291058011725625,0.06440747136865424,0.03740966799309271,0.008325314899614546,-0.022797387251932876,-0.0012004292847330564,0.05325581970006161,0.056137546620369946,0.03380536286750427,-0.0009301654332650764,0.06767815948897772,0.032633626482759893,0.016019453345318558,0.03856277270166185,-0.010051668833207145,0.06130997916761974,0.021425377865737987,0.07205313771031388,-0.03312683132156531,-0.007057297074382336,-0.029211129513601608,-0.01980995467228833,-0.006186900304004041,0.07326212207569371,0.014044342195502569,0.04441441124071663,-0.07217342019091362,0.014870723530539464,-0.0016131248472347195,-0.01727482907324149,-0.025664724052798262,-0.04148709592592823,-0.010046697930584,-0.01762375785674054,0.014103926056164518,0.0185345586577486,0.03329264114913836,-0.006293767291748004,-0.017266874602965818,-0.0651819711357615,-0.03171757646854757,0.06666984162926089,0.02448757020002747,-0.027960771658879002,0.0637469519454716,-0.005447718150652876,-0.012443770085628676,0.01849064102273357,0.04005038536640924,0.05344989989495345,0.009706483655080924,0.04765695574047274,0.010763512909941266,-0.020521384783592708,0.07059544753344776,0.03375820084165624,0.02650557684921145,0.06414218448159044,-0.03607680465210542,0.050649444781633905,0.009985988734044753,0.06431930927285731,0.0037948445272252065,0.045766910456679695,-0.016460376549527086,-0.03708951117624492,-0.029587080590988933,-0.06010571839458,0.007885558525403145,-0.02809233139794143,-0.05001461410052059,0.009905671922218492,-0.053608193393009415,-0.05376666148048542,0.05795449101884234,0.012854727892468913,-0.0189581163353741,-0.024681184125048414,0.05832156395803767,0.039789605143252124,-0.028196718515301523,0.03954169014054827,0.03355465758426403,0.06266977583397551,-0.028757920672238205,0.006825764056362713,0.011880115252947025,-0.012347215942022196,0.05536173441123783,0.06750120272810455,0.060685105759922066,0.010440037694403404,0.05614010275551777,-0.011779727556371225,0.04612670711692154,0.015419472387032465,0.009739566838518418,-0.02599035879991883,0.055108059286047256
0.024101497254468352,0.03555245835217805,0.009718675671019257,0.03406553333313959,0.02224606481179886,0.014555056368378741,-0.015596956065214445,-0.01704212630168281,0.018266387017620633,0.03349882400474513,0.024587933615485287,-0.011090835574982884,0.032633626482759893,0.04299962496259564,0.003627078387058165,0.028050900812384812,0.0006977160803519102,0.040998585032365954,0.01835159622296985,0.04140018787122522,-0.00487793459745904,-0.005031303159837629,-0.005481129862340749,0.0005953926062631696,-0.022118465200437677,0.042073652757939534,-0.0032025455639996853,0.0210321147162603,-0.043746602038027806,0.0021880119596095543,-0.0017053027062829827,0.008122085458350232,-0.03077640190777427,-0.015275596746457044,-0.021730588989005005,-0.021752787081606682,0.001812522400812538,0.007600175745633426,0.013948684484048427,-0.021435425110036703,-0.02659902995555429,-0.04970744964704309,-0.03473822833818656,0.03890535472605854,0.013328397147224814,-0.024295529153651477,0.026968352820834745,-0.013818578942527643,-0.022575558533583562,2.4401069369502658e-05,0.03393178391130794,0.02497854647241232,0.016072638060919606,0.023764300237427077,-0.009254154063934933,-0.026749252007357557,0.028393639046401044,0.03273745602760667,0.011330228807041183,0.0338822891551022,-0.04121208376984436,0.03111919850496336,0.012601725228327948,0.033215890922559256,-0.022291022472955623,0.036563601953119126,-0.025852459661955228,-0.02331017102216334,-0.03463619661813466,-0.035441632353291994,-0.0032846723406883987,-0.007998732924390574,-0.005484595629222234,0.02505568936227636,-0.025863428824094203,-0.03034359170612472,0.03735129770878672,0.007087893825258542,-0.029144036708700718,-0.009559525733637112,0.03279435675479811,0.023670685559370044,-0.019474706223773557,0.03207127133345718,0.021366637910638267,0.036586391733296725,-0.014567174479811285,0.012016105502849067,0.0023008867123841857,0.002246495206185554,0.026159522086100086,0.04359302397641535,0.0434463796177824,0.0011909519475746839,0.017218916818252005,-0.0010205785467858382,0.010571734705902834,-0.009627022532622381,0.022594284577670078,-0.015401541319223505,0.04047197125299136
0.012525647493536728,0.017884360016630983,0.01864395986276803,0.015754350161276524,0.019435496103794643,0.00724653011506099,0.0079430659638948,0.006720041682066246,0.005530614597553088,0.018576479243547085,0.003584854783543179,0.008679049445560255,0.016019453345318558,0.003627078387058165,0.029573600749632088,0.011351591019472649,0.0035802876078009894,0.008097722824227592,0.017058866950597603,0.016423772212514037,-0.00895427276028201,0.021259932014223083,-0.0015715403600686428,-0.016158740503683558,0.008316848053864536,0.012505301456749978,0.0096569381919507,0.014917099913201668,-0.011497728519539913,0.01799621279127462,-0.008701835309384422,0.0026008622999858285,0.00464135971337076,-0.005954031593291951,0.019021194466637237,0.019543761057972685,0.013560362470979926,0.02025527608304657,0.013684209620628779,0.014901827448569806,0.009543218145019714,-0.004626832636856786,0.0011123229674989516,0.011396557521484902,-0.003710097175256406,-0.0027744826497791077,0.018881003578787862,0.00835642443458124,0.010695408570513864,0.015581966604461399,0.014822192145043352,0.01982045758863174,0.004667439582429174,0.016298109921418745,0.017319192349923324,0.0058818126360434654,0.02058180460246192,0.014652427991827215,0.002423682607591856,0.02060656275270844,0.0033526227966266917,0.009985424579968096,0.008472588374129177,0.016532045526177475,0.005719115352309642,0.008226809429736318,0.015720120225409414,-0.004856061821661752,0.001747505986842045,-0.0010182173221667586,0.007880134941649618,0.005061296039507156,-0.017923572668458752,0.005517016464654472,0.0012638981527026134,-0.013367128162023748,0.015549879142017277,0.013614040597755882,0.003769327500144597,-0.0027270125310318773,0.01861418131980563,0.015562027319052162,-0.00757444493913092,0.0019291079634317751,0.016239030972337393,0.013779577260112282,0.00816778389691494,0.014186256512623507,0.02111530957418534,0.003302636833955915,0.01895564529668922,0.017325427973609458,0.011933896165089688,0.024290744038254885,0.024084363411338832,-0.00878567752733777,0.023644508908204295,0.010950412164851563,0.00712999436130165,0.014464592407656048,0.007664271920470882
0.03166459686292712,0.03655761367787978,0.021760477192820767,0.03951425574965636,0.034049238593367843,0.02225277222086577,0.0012504615270096293,0.002013608359321467,0.025779904648279207,0.036500835977977326,0.028290923276448526,-0.0024983080275010694,0.03856277270166185,0.028050900812384812,0.011351591019472649,0.03597035087505734,0.0011619853213934524,0.030813167247587484,0.02260015665118931,0.0410351569893641,-0.0031373386576909936,0.0074096722617114944,-0.012172023874105637,-0.002155645425546436,-0.005475172403819772,0.04118265941092712,0.007178690485363897,0.035483392292216975,-0.031570757065394216,0.009895936033762874,0.0003889421563736207,0.0007625724643635851,-0.011604382809796967,-0.012678437503271408,-0.0033520964409612178,-0.0027243843678865626,0.015114231785621437,0.022381234883145917,0.02729833365087044,-0.002307240778012319,-0.007501294373170166,-0.032426001427291726,-0.01931296650674219,0.03877155118325078,0.016380088126203084,-0.019820519042934612,0.033486272783137934,-0.001095181882765542,-0.00639742016039686,0.006560632475420752,0.030794009529757062,0.0350268923745099,0.013498074335363031,0.03331258543902092,0.0028232202120071948,-0.011739365031836039,0.03932401123308506,0.030930888177959765,0.02142180739224756,0.03922291613926542,-0.02221511526769779,0.02662653679239066,0.01452510846952818,0.03855639130429283,-0.009596563303839236,0.02535681560133706,-0.007224399002610245,-0.010909854485744499,-0.01928785767123067,-0.02787483670997246,0.0132804312017001,0.0016379966606365236,-0.016714860513130942,0.014228425394303985,-0.016544150154888727,-0.026819154042365026,0.039409581834731575,0.010355826123456853,-0.013724601873010032,-0.0037552795012521446,0.032820187274297793,0.029739569645590415,-0.01198597138660768,0.02993465022616864,0.028137418649524692,0.03360310909147632,-0.00014118468945637544,0.018304935233572166,0.012340361559504074,0.008601131202699492,0.02901991980312379,0.040550042083111595,0.04099381388590952,0.013350897825449414,0.021322474564001933,-0.012150499663823339,0.026055603079168415,-0.002009316397169689,0.015463473519787111,-0.011180459193035841,0.0407044928487693
-0.007236495416452746,0.006721985484307259,-0.00540368526015583,-0.012395974279596898,0.0025262331016741506,0.01650105933019279,0.022633862699333592,-0.019237903676755125,-0.01985861751519148,0.0024235647974676046,0.0032723826946476115,0.032557560724913726,-0.010051668833207145,0.0006977160803519102,0.0035802876078009894,0.0011619853213934524,0.045873632530360337,-0.007000777947329884,0.018240330063408344,-0.007111020016001718,0.004856251450602347,0.0156616450121654,0.032516635619924315,0.007576330062353533,-0.019052769304016358,-0.014830431199126705,0.02751180334354874,-0.0168006286879293,0.02370018291013727,-0.013122986183296206,-0.003991297038753753,0.03713180984086261,-0.008957850619427481,0.0229110951596903,-0.006478147474754249,-0.0004740143307974488,-0.023193374869507285,-0.01492861140291731,-0.011766251420392499,-0.01672523532810171,-0.016121700455677367,0.01541259048923809,-0.0038378440525618737,-0.011204397556055335,-0.008893514333695042,-0.014741320534765862,0.005637443145244102,-0.012148849493184349,0.016953910141783594,0.011571457013260913,0.028104793127662803,-0.005347085348604148,0.017873792756755737,-0.0005501795105406361,-0.011119249775788815,-0.014041236497956133,-0.010218999491577558,0.025093651433049695,-0.013950051533585776,-0.0011266884171668554,-0.006724946491399127,-0.0012213004618621748,0.02266759218806288,-0.011821155314825763,-0.02141400472730535,0.007757539713858566,-0.0042907563004352485,0.023473996822461717,-0.008626113633860896,0.0225070703598296,0.005804033674628101,0.017513399095353408,0.027429844051768182,0.03883182922325579,0.021353952772021952,0.007696341446930784,0.000297753659192835,0.0030657163857159154,-0.01799445773665339,0.03756288389598757,-0.00533056523666094,0.0008846585677654962,-0.005864675478843757,-0.009021509297652369,0.019682536918058526,0.008915995710477896,0.015231197404552123,0.024525110258125288,-0.008271466810054912,0.020803836030574584,0.0036219172494084124,-0.0082044374719418,-0.012210560196694175,0.021454547808472068,-0.010215446288379093,0.017308522513525153,0.007993373708664502,-0.016501106808601056,0.027307201774814823,0.03193639842526291,-0.0036786984714343375
0.022530188657990047,0.05813941127388829,0.014145986867777887,0.05742185412405304,0.026160324491966307,-0.00721421098156681,-0.0398521363963104,-0.02765261570313998,0.04295525491525168,0.05354101513892932,0.026816017150918813,-0.0009505413268374532,0.06130997916761974,0.040998585032365954,0.008097722824227592,0.030813167247587484,-0.007000777947329884,0.0772502202296059,0.017462888668672443,0.07542897643387543,-0.03169909603139089,-0.015883238109201482,-0.02183756092807052,-0.017339314774660882,-0.026932982846653623,0.07329786653761865,0.013577505476257856,0.025625941631423593,-0.08593472720775541,0.002735982501546263,-0.013047163261412927,-0.00444737799306211,-0.04667925244720163,-0.04081617424014243,-0.030658781841838515,-0.03861125195198127,0.0016885719390983137,0.006780152343471773,0.013075191892283958,-0.03038195688107758,-0.041063232974281,-0.08469801585504645,-0.048564229627839024,0.06455705611511887,0.011799220830177835,-0.0377472056811232,0.06031020910009303,-0.02411508125058924,-0.029551258188269904,0.016539027649273376,0.04689547487754469,0.04319640868006758,0.014877718195425488,0.03587724864119726,-0.0065734406346598636,-0.0395430779545997,0.06398994074654292,0.037644113814801795,0.01086090439832451,0.05905734068547309,-0.058931098632017946,0.056593019252602315,0.017264116464570566,0.056436331882478936,-0.013611796717586574,0.06101366202470044,-0.037977095079098036,-0.04589973278709851,-0.04914977599875353,-0.06469306796596053,-0.01048407767097258,-0.03626701303752179,-0.03865242644837389,0.03020655612647508,-0.06464874272681174,-0.057411071834691255,0.05746200853748967,0.019730032065972118,-0.03953560226713629,-0.02640120760294164,0.053293714308654504,0.033200487532789064,-0.03973454996691756,0.04005788142364457,0.02883287527618327,0.07018083355935191,-0.04571142642574594,0.0036187014904157664,-0.0012632345224416535,-0.01643074098807522,0.05469086583464743,0.07283413056780155,0.05983719786581572,0.0003439486772378454,0.05511563266263076,0.002906385303126487,0.0331022953540864,0.00659946581371298,0.019882054576850085,-0.027774956955515344,0.052531873231602834
