PFE,DHR,SPG,ILMN,SHW,ZBH,CI,DLR,BSX,MOS,AMGN,VMC,ISRG,UHS,ARE,PKI,PKG,EW,APD,RMD,BMY,MAC,MCK,GILD,EQR,IDXX,MLM,IQV,PDCO,SLG,HSIC,WRK,EQIX,PRGO,FRT,REG,AMT,CCI,LLY,UDR,AVB,ALB,KIM,HUM,MRK,ESS,BAX,O,FMC,WY,NUE,BDX,ABBV,MDT,PLD,AIV,ALGN,DVA,COO,UNH,IRM,DGX,WAT,CNC,DRE,EMN,VNO,MTD,VTR,XRAY,BIIB,PPG,CAH,FCX,IFF,INCY,ABT,SBAC,MAA,IP,ECL,CF,REGN,VRTX,LYB,LH,JNJ,AVY,BXP,A,SYK,ZTS,HCA,HOLX,EXR,NEM,HST,PSA,ABC,SEE,TMO
0.03601084820794718,0.013864626102628015,0.025204885526911962,0.014433510295953871,0.02181170484771012,0.02772582617611882,0.0172152643057341,-0.003025675309617891,0.030271188170240437,0.027069676222391714,0.02135455022264698,0.021993929998938656,0.018840328074123693,0.02625077714254883,0.016221778997732215,0.022255454862428182,0.025960823856931284,0.025932921797277162,0.01707325226698301,0.005320236046275983,0.024648817873688007,0.02126372370853781,0.010724736926897363,-0.018009178880519786,0.018529836921752755,0.01097899724064044,0.024859869196383184,0.025549479965099042,0.013541717576247664,0.02350312042800939,0.026883141946649,0.029480770780778594,0.002783399119983265,0.014905373420460132,0.020430708675984465,0.017742627920976875,0.00045362816735886405,-0.0018413533666220764,-0.002497581832430987,0.016409491069427903,0.018806794515623476,0.011367746643448726,0.02288193240804453,0.016561413841621395,0.0276440463700247,0.018528717364291538,0.012529133899014612,0.017815223412031816,0.02025734589953286,0.030309751795950704,0.029759646122573917,0.02750489621448728,0.01195986582015705,0.027472228453563705,0.018277529422472006,0.02015588486451341,0.024412088015844834,0.007650874225759644,0.018802231250590492,0.0186666255098286,0.020667469284337634,0.016962110963809493,0.030331608449265017,0.01264901187230488,0.017109310246287604,0.02783196171580487,0.0280394766423347,0.01780931467872911,0.018375655587713677,0.02752355449756268,0.005330682339096911,0.029797405272721515,0.015661862498735753,0.02399600530792298,0.02233621122018525,0.009274960485888977,0.01380074648902891,-0.006512920346481601,0.016018465719821226,0.028550376920220295,0.010352564431379342,0.02577261288978635,-0.010810419774640574,-1.2008703340591046e-05,0.026457616363149607,0.020539422656385663,0.018365403571763205,0.020153754747304315,0.02040204784005958,0.01936490104307933,0.02289817753416082,0.01330792347821712,0.03275648623660193,0.019242259268346138,0.013861991293713063,0.00044575836314477427,0.025958256724761167,0.0073616584742354,0.00491400422294045,0.026077780533912888,0.014263221871661121
0.013864626102628015,0.061372791455439696,-0.045938202995214415,0.03890722065827812,0.03419221643985234,0.007820663831102751,0.011754082190463234,0.04173643699938556,0.0005579172439861933,-0.009947162095910754,0.043422983576265985,-0.008037585260181692,0.03496341577379721,-0.022920671075191076,0.028634929488505004,0.04988376789589038,-0.002967761010617583,0.011944837837299362,0.04867561992727432,0.04554408951157513,0.029587814535769322,-0.04574874061768878,0.02612931959443499,0.01546740725241752,-0.054011737598407494,0.04676977498313149,-0.016581605175805595,0.02350020012019529,0.04168671379270139,-0.038184586349392674,0.013762911704440394,-0.020297279757150812,0.055777767270268334,0.018544167913089996,-0.0459156006962175,-0.04092069414838654,0.03753165205189651,0.04468480216719352,0.054570088163890564,-0.038116510910971124,-0.03584384693486077,0.04452252572325828,-0.03783462921228865,0.04757378873235329,-0.0010261903923372098,-0.04093445221376488,0.013731058343773564,-0.021873351809734078,0.03692485628780684,0.007852365137916774,-0.011055950936914666,0.016176505058563658,0.04604761154575965,-0.005613173259698969,0.03588880978288505,-0.03121140109886221,0.04200914721202397,0.046595994305036297,0.0052089732138756,0.04489328538087907,-0.014865814526477308,0.036220945443942616,0.0027455629423328524,0.03740678237944707,0.03242351722811685,0.014215873310164894,-0.044159105410277025,0.049415950811772386,-0.024645256167432582,-0.014608115942287885,0.00657078520189731,0.0022652097388896632,0.021175543039254025,0.03594182347768642,0.01349026896746562,0.03907897537353164,0.03443754175956034,0.049862239465191034,-0.013553996280581472,-0.013807862980065196,0.015493474560323042,-0.02808793665903993,0.06047468580035464,0.0525895128604494,-0.013736945558590972,0.02718181480740205,0.034801579100524525,0.0016117061506802075,-0.04050761251169918,0.05055067300262368,-0.0018997566302464883,0.03893107541093464,0.0037152376314673855,0.03827272244966618,-0.009239269309455444,0.0642400018707124,-0.0366487693000959,-0.019085919204253156,0.04840388302446206,0.007909626907042463,0.05713745227519374
0.025204885526911962,-0.045938202995214415,0.13127958013064084,-0.023577024875485204,0.005640418468009178,0.054673016443668246,0.00824000282519635,-0.06231501069100744,0.05726267154760006,0.08146858206199294,-0.029245094090903093,0.0731008515996469,-0.0019532132000783095,0.08877160966473127,0.009305600206197064,-0.017585860613677458,0.057531299713946556,0.028614444644497486,-0.019274262269131655,-0.041870704613407174,-0.009405712574096685,0.12106056381252633,0.0018932587708998167,-0.07220482132544839,0.11939623078394902,-0.029754875991759074,0.09038322100260157,0.028088243028487777,-0.004245652484736486,0.11651742217615561,0.0477022815229283,0.08739535731188314,-0.06713357598955241,0.01353089973253346,0.12363463330783035,0.11295674258813601,-0.03851862498571844,-0.05424765546022772,-0.08662868125484405,0.09966573960088115,0.0989900737926407,-0.0053282008511862005,0.11817722059702872,-0.04210504374507497,0.04808650655389591,0.10288724517486808,0.0003788888618656834,0.09282352892769341,0.0005575217866032548,0.06928052485366049,0.07490629111451937,0.018406955336250835,-0.02955013651933461,0.05993022451571138,-0.004301614408756609,0.09644082425787355,0.0017861964401706977,-0.04927295389911086,0.03253403347821906,-0.03137066795502838,0.08833047212369731,-0.005711141488772799,0.05916941068546007,-0.04869694916397722,0.0015718054633875335,0.04475227823471917,0.12489087904173928,-0.02292120117893558,0.09145711593407896,0.08347633475066246,-0.02332170917698169,0.06993548910778971,0.00585757653611059,0.01466078371122062,0.017008343116809627,-0.04723302938968082,-0.024768959888145734,-0.07826568881776454,0.06401731771544326,0.08097328578204535,0.00760300597205315,0.09992023681347145,-0.10640449137707583,-0.07948384264758018,0.08193581143526149,0.015092862989732373,-0.025169269467026606,0.043967723586895845,0.11197629096422439,-0.021208206675090345,0.053524903502463445,-0.015107530933609099,0.06061472464707162,-0.005229099333699431,0.05873806757744249,-0.09899761885055594,0.10888066273917818,0.05837492744446968,-0.03949410833137619,0.0526267150320643,-0.044818943016393505
0.014433510295953871,0.03890722065827812,-0.023577024875485204,0.0389712488891157,0.027298364014627905,0.009777695491030705,0.011133807409946787,0.022483922113321127,0.006257979009936096,-0.0031326612088064427,0.03514600926369766,0.00036850657451561715,0.025325420210283802,-0.010810218995394623,0.02051637906332897,0.03703610002700187,0.013198802459289451,0.01328422367573685,0.032590299904506306,0.02912458864674259,0.018127817497262652,-0.023447497148292522,0.01911612603636253,0.009059949795749077,-0.031762646183496834,0.03241961781107443,-0.003462533703947501,0.01961543630889884,0.02271143570715235,-0.0237640817405579,0.013220821581065998,-0.0075214170801916995,0.03374024379584723,0.01641077046876471,-0.024197366471901235,-0.020506840630609525,0.02470042605611183,0.026969203726181452,0.03293003743685356,-0.021611238017456017,-0.02181740384137873,0.024303181060508435,-0.01600502016384022,0.0341808415160198,0.003584198030276795,-0.021662819112306102,0.009074250780401923,-0.012307547673392004,0.027948436632835805,0.008068848095161608,0.0040974861503519765,0.013735667308881356,0.035998398636306515,-0.0006234105127264241,0.02663669593180099,-0.015954656038356316,0.035323478761750265,0.024467414882212036,-0.00031247079842194024,0.031777168195475686,-0.008492068200148483,0.028801507003054363,0.006399685239611385,0.02508631987544875,0.02241735692477288,0.022463381002423042,-0.022644793194665374,0.03249565533208827,-0.010645932441779854,-0.001100496744926155,-0.001704238714387288,0.010538961458795388,0.01870338730206206,0.027288969100896506,0.01629586471758854,0.03816123730273575,0.023461019541800573,0.0266379206198009,-0.007377985680247843,-4.876882541155985e-05,0.014934098821667893,-0.010422313168500726,0.038487158369807185,0.03656373781488511,0.0026173179551816665,0.02116637002357732,0.0215527428848473,0.004655378978294745,-0.02555906645558871,0.03734721360453441,0.004880819147515275,0.0231224763395093,0.0029014367884081962,0.028816759854052857,-0.005916181507509627,0.039838414799945626,-0.015451921237092096,-0.013296332793989162,0.03372294547604392,0.012822999218882528,0.03723147289382307
0.02181170484771012,0.03419221643985234,0.005640418468009178,0.027298364014627905,0.034770665404785114,0.025059497609059303,0.01289429084356191,0.012937504070834509,0.019502147389426464,0.018957931723123156,0.026517881138990135,0.017113567452992577,0.02993697259798671,0.010540970300089872,0.026644945986871872,0.03683180436627219,0.02170173690668062,0.022765652467477082,0.03470416421049908,0.021740853589844664,0.020854605450640433,0.0019709532859140707,0.022286747747066828,-0.013308051044646734,-0.005556251339459217,0.030099877189274843,0.015609095432617221,0.02870512848978812,0.031597679054149744,0.004101527976043306,0.02837340796827544,0.010593529034489488,0.023488752215798287,0.018027903367199744,0.0038847708613771255,0.004497145430129419,0.015588499801668947,0.01649411144391793,0.012406939147449187,0.0012653274556284034,0.0025274749804756152,0.03302966087571233,0.009901618313265213,0.027080311643482832,0.015035755468374174,0.00044826580248243493,0.006092817123843522,0.013549309629037854,0.03169090878692442,0.030365006389583553,0.01906434826599445,0.016405922682423395,0.030837550971623773,0.01427697677388709,0.028993936664579775,0.006492057948221281,0.03892749054954897,0.01990283503457468,0.012025870807489215,0.02783223616257695,0.018369140158543656,0.02926702500855161,0.020519660412572256,0.013660322287681336,0.027468767920042353,0.030577494126562046,0.003951457548627923,0.033415107780384166,0.010202707082487997,0.016536048981197708,-0.0016977938628547047,0.027748951157829417,0.021193247706710605,0.03458608275297303,0.019154518127488918,0.020795603154224178,0.020605950449532066,0.013232254639408546,0.010978533754292238,0.01719576147582238,0.016522986678611996,0.011011246739054247,0.015600654268773965,0.017798434970363222,0.018999096324972087,0.02789347713125231,0.01836514981694901,0.016712828977748912,0.0012263207279807,0.03534601979055132,0.01638113385761033,0.02653857532111443,0.023370186321786893,0.031066722083425466,0.010955257833870951,0.02076010348277871,0.005687774652811599,0.0019240658007206514,0.02733500278933579,0.026685558697323208,0.032594110792827646
0.02772582617611882,0.007820663831102751,0.054673016443668246,0.009777695491030705,0.025059497609059303,0.04359947312176334,0.020250147407435855,-0.016888983823582886,0.03972598282202691,0.04512707321688337,0.01104113977342268,0.03968323521909903,0.02084764072497945,0.04322458149251297,0.023716600961613904,0.020163435075045512,0.03590683860826192,0.02829475011379376,0.01834605466162591,0.002193757988156298,0.020040740664740268,0.04725724003235068,0.02071627565444887,-0.03376229682401941,0.04373737264558868,0.007687584905343464,0.046796642984812176,0.033795649985397004,0.021551604710561074,0.05194321783268672,0.0408673251902922,0.046229881638606266,-0.008718247077573002,0.022497930716738446,0.04953611059486516,0.045542545222574254,-0.0006824067775202435,-0.005416085094457472,-0.01848852726875008,0.04087551693936605,0.04194312210247039,0.024529462258402943,0.051596317997434256,0.00767202955951066,0.031111984211736828,0.04148576330968634,0.012532162131499823,0.04448446328257395,0.026169996956205428,0.04805496797345864,0.04206227524246446,0.022382845856458923,0.013620937852336826,0.038101586022807256,0.02063047081785926,0.04297336326286674,0.029553904966439625,0.0026772706343974636,0.02912292041222416,0.01249123221522676,0.04561787939842226,0.019583925244486735,0.039520653139603915,-0.0008750113667944971,0.022112981978210457,0.03894632028280466,0.05436276780159982,0.015198454557349816,0.04111283021727272,0.047082135064325924,-0.0015441943452929173,0.046284181181901446,0.023038653980762987,0.03132620248987851,0.025164420465215425,-0.0034508219819012614,0.006416615031649117,-0.017272709498675418,0.03396001538237822,0.04513560425533736,0.016155198134052223,0.044909673587915915,-0.029118766155508468,-0.013508539508159449,0.044651095686454985,0.02781016532724852,0.010683089352697772,0.03219836285304965,0.04789832185429876,0.018608850332618172,0.03508066978601579,0.014537809166782777,0.044318121097926315,0.019691540655231266,0.02893931918444988,-0.021937543623877495,0.04933642252935367,0.02235872306244556,0.0051821004992068,0.036141411320995735,0.006361483709168594
0.0172152643057341,0.011754082190463234,0.00824000282519635,0.011133807409946787,0.01289429084356191,0.020250147407435855,0.03943171329166014,-0.005595077979614168,0.017936180475933424,0.007446065060990042,0.024737743762380734,0.005474803723995867,0.013392772785804618,0.0076647870577432105,0.014792287513090193,0.015712173299838338,0.01263375178681059,0.0138141416331534,0.012750255385381661,0.01607829186919097,0.03991441940384548,0.0007712719708697298,0.019569791161986653,0.0034661830529069734,0.007668732894774141,0.0023501755161103653,0.010966242049915722,0.014735794504222783,0.014822163157294378,0.01817727119783023,0.01844103195894401,0.02142648111010592,0.005959404796672725,0.014913416241070161,0.006671879191469302,0.004834375594322518,0.01165217487475348,0.013470028535691831,0.020390397860204898,0.010675512183271946,0.01131722668066154,0.018172863389483953,0.010246316295059996,0.02980470152882189,0.015056213352556365,0.007967398967024126,0.013231874838884786,0.009664851196581494,0.02351796681341473,0.014597945491000406,0.012005593307709537,0.011867630585471887,0.030865087184375528,0.017922789876833708,0.015687534320888416,0.012373265220221192,0.02930845833774004,0.03003902369391436,0.0274846095732258,0.032422007257785955,0.00706835950966568,0.012667297485934731,0.010054122797156475,0.0356410961446193,0.015184199593995862,0.015537278760479337,0.01646407169570481,0.013726607013959833,-0.002342842010832973,0.02039515710551654,0.03095810706154012,0.01661595262849448,0.02879578076185905,0.017747343716032125,0.02606492170013581,0.012149694276029105,0.00854460856134763,0.00883827402574037,0.01511358430105071,0.018576046424365025,0.010206448599830793,0.0006587063713031581,0.009246276830903444,0.02268416053347624,0.013463270385095283,0.015098865619754685,0.024851165687469524,0.023226748111092297,0.017304381376851967,0.01827031258144198,0.010439975058626304,0.012002199507889753,0.02308473339770802,0.009186383805363477,-0.0015777148727485048,0.006163775834749099,0.01458853631082444,-0.007084854849942318,0.013535987046108157,0.0008934790342475975,0.012296273390523022
-0.003025675309617891,0.04173643699938556,-0.06231501069100744,0.022483922113321127,0.012937504070834509,-0.016888983823582886,-0.005595077979614168,0.0529099168044346,-0.020844007685046732,-0.030292819731977852,0.020339331490598484,-0.024377275613317463,0.01510700091761052,-0.03650821613328757,0.011971370502792527,0.024457031733265147,-0.02209027345630991,-0.0037891338758839236,0.025734473039233204,0.030720901727929815,0.006353809309585945,-0.05807549086445607,0.012076183938669188,0.03088336236260004,-0.05784595875003691,0.03415638440884479,-0.03731440406140189,0.0023157541039446855,0.015583294926164365,-0.05776540345034005,-0.012542229056383677,-0.041647217933099986,0.05179342022757075,0.005317649919717663,-0.058311772825565204,-0.051654884593051946,0.03414029248403385,0.043456227546557924,0.04768139343920258,-0.04531435040282062,-0.04514524252171356,0.020489418901346944,-0.05637923843504184,0.02848584043545871,-0.018100135880528567,-0.046385480816266304,0.009864945153177207,-0.03667497295686131,0.012080984031126245,-0.0185386436709472,-0.030769406764518288,0.0006309835593911853,0.02171800185367447,-0.02346906527721973,0.020376458961883802,-0.04250443082511414,0.009385219939111053,0.02786202506883139,-0.012685956214282682,0.02360625113633262,-0.0310097924550121,0.018080894762349656,-0.02011150094737039,0.02388607115692562,0.017798437821186994,-0.010024719652800277,-0.06149370125697365,0.02661742793931528,-0.03479961405310729,-0.036390070033125485,0.0034216622262550345,-0.025182327428919852,0.004344425607685833,0.005997382545415795,-0.003643330217941415,0.03120998566745666,0.024807145846494336,0.05538472961053856,-0.024340507589434193,-0.036387639188227724,0.005917119777804816,-0.04255334004674099,0.058667405729730476,0.04261118639801057,-0.03544470500135934,0.008231423972318856,0.020275266892139238,-0.01760898546818686,-0.055448036378277374,0.024956579951458308,-0.014629011820508185,0.024113350720389705,-0.021488886337702108,0.01884191313096053,-0.015582141899912862,0.06227401626479968,-0.05516863114430679,-0.018077574694573502,0.03589532284258754,-0.010156916535545383,0.03826559091598998
0.030271188170240437,0.0005579172439861933,0.05726267154760006,0.006257979009936096,0.019502147389426464,0.03972598282202691,0.017936180475933424,-0.020844007685046732,0.042235566165035814,0.045115891054741085,0.009438460944879845,0.039417978751398346,0.016003467767846256,0.04533580056874096,0.018039300003013646,0.014333276639037194,0.036346575878297815,0.027790470580619165,0.010376809251779064,-0.004682995986146218,0.016828979829874767,0.05104830353472253,0.012073311858130724,-0.0342573572176936,0.04753222637138014,0.0015085278239588987,0.047216964876420714,0.029807890643922974,0.012526129592755154,0.05301469800608647,0.03591435908755037,0.04858423890621836,-0.01487125703520873,0.01631770910815005,0.05127358386378769,0.04628801427157605,-0.006865486242220312,-0.012812920655639968,-0.02384161840908953,0.041412364635079316,0.0426144932379292,0.012024515784868217,0.052183827471313206,0.0031334127271390303,0.034922958729120705,0.04329565083468362,0.010722347229245196,0.041748217370071984,0.0199775459976991,0.04465825041564793,0.04463392764243505,0.024442616213966137,0.004838150131022227,0.03913291106409938,0.014807041465182587,0.043183989090372535,0.022327682677410594,-0.005148326556423352,0.02648497058528389,0.007718291907188059,0.042717078423721515,0.012777959320261828,0.040829710584826054,-0.0028154065145778945,0.016183906558718177,0.035853453000080984,0.05763465302465249,0.009798073059973699,0.041057301872171166,0.04617327960435466,-0.0028206734309135337,0.04503631956119841,0.015506666154647762,0.02634506760586889,0.02218165531429125,-0.004672688666743901,0.004314182892139381,-0.024206143434410844,0.03126341328471199,0.04568338757420417,0.011852843801245743,0.048307852511751584,-0.036032615965243604,-0.019698816148432705,0.04488759853449103,0.02134083151527925,0.007713097584779562,0.029705427267622833,0.04898174691870828,0.01230514383122074,0.03426792891903765,0.008139716774945372,0.04320337607576142,0.01459275969309464,0.02824749071729382,-0.027543378720314444,0.05252710163979924,0.022893108845393768,-0.003980361085723302,0.03544858069431224,0.00016081556504567168
0.027069676222391714,-0.009947162095910754,0.08146858206199294,-0.0031326612088064427,0.018957931723123156,0.04512707321688337,0.007446065060990042,-0.030292819731977852,0.045115891054741085,0.06394677424463158,-0.006699558006417084,0.05367553914925259,0.0137440960738101,0.060036612733575745,0.01724912730293193,0.008004487629649,0.043240982970844485,0.0281055265112628,0.004771974103173125,-0.017391205187132705,0.0038487632276491828,0.07456591622307275,0.009534348578215094,-0.05413548289766054,0.06735227977148137,-0.0025572417538113315,0.06255472765843466,0.031283125052971275,0.013011151864466549,0.07192564258766068,0.0415716502672506,0.060480763311580074,-0.028531642467795854,0.01586381910672105,0.07485051427350109,0.06830670859242162,-0.017868357304335773,-0.027440355917282316,-0.04816699064095077,0.05757157856152511,0.05870150395299928,0.013671145776439148,0.07405244104542119,-0.014795422679274872,0.0384344501379874,0.059754233077651715,0.003148017171430881,0.06022270921005021,0.014761630592559506,0.05763615158171857,0.05529536093350127,0.020634433089264593,-0.00856322948959753,0.04478525132258552,0.010718888973832361,0.05863561208076091,0.016909795665368165,-0.02242973978046049,0.025387585739320685,-0.008032996770681065,0.06200838531495143,0.007147227757490148,0.0491047486363288,-0.026271849920119383,0.014015533641413506,0.04083817793549566,0.0769635223904641,0.00528646744965603,0.061090004979465436,0.05703645628765223,-0.01694828177281644,0.05631247139273972,0.008925008033087553,0.027277880652968517,0.015096540470005939,-0.023211217870462004,-0.004145450798756061,-0.04247905642524571,0.04052631698809991,0.056676686781083147,0.00977721934750025,0.06875016489729507,-0.05927235913159951,-0.04312313986424501,0.05822776673795271,0.01988394586452385,-0.006202712679696328,0.03270325876981399,0.06674298937732272,0.005308548092265566,0.03996594176845044,0.005169107040802779,0.04965354103801698,0.01147470322095775,0.04255643615328845,-0.05028492335561161,0.06928878863633432,0.03778344966459155,-0.012879163403350657,0.04784960925987616,-0.010578342487308474
0.02135455022264698,0.043422983576265985,-0.029245094090903093,0.03514600926369766,0.026517881138990135,0.01104113977342268,0.024737743762380734,0.020339331490598484,0.009438460944879845,-0.006699558006417084,0.05378068242079899,-0.005548973336985744,0.027564390900761376,-0.015231871435363845,0.022137942613454906,0.039273253770880694,0.009844113432929175,0.01638909410420112,0.037039259025022024,0.03909166301352275,0.039348379498086804,-0.03176109553319106,0.01764445203522749,0.015610749534317653,-0.03556751265625062,0.028915305184277925,-0.006768282265946979,0.017820739830966187,0.02921803204703841,-0.020028038971721323,0.014770697843384584,-0.0014158328707424455,0.03607143536978308,0.013784369182617622,-0.032102445777420774,-0.030323525141639576,0.024269598062913962,0.02804534654315624,0.04724259534277977,-0.025914016156747238,-0.023300085635666747,0.02547653270292047,-0.02269918280631405,0.04630972910181462,0.009668355834084406,-0.028429631768972414,0.011179115549225118,-0.01752159655661216,0.03349569258615484,0.008871583270111305,0.002019020916303934,0.021465365882227506,0.0462330584718513,0.003263184761959186,0.027209710946455752,-0.018867983196884604,0.044256795391148365,0.04190559455226448,0.008498334306492824,0.04539271850293123,-0.013859712146193453,0.026380121272274792,0.006664670884119128,0.045452140517255775,0.023792197912274007,0.018768656550610146,-0.023004340893342263,0.037006744374803786,-0.023333959690576177,-0.00142043244871365,0.019492569943274266,0.010787576958447861,0.023149964967591957,0.033435416462546164,0.0216367223306425,0.04259453624684252,0.027867195931016286,0.02875278988787633,-0.008419633934313957,0.002408332144408127,0.010441577874429174,-0.018483677374483434,0.045595696349195525,0.04838100990429228,-0.0014352662458356343,0.01984672790343801,0.034542923470461756,0.012012410579506609,-0.022853098545476225,0.04027070929882046,-0.0004933485872628086,0.024365061855208037,0.010363461288204017,0.028164229898358647,-0.014715487873396296,0.04537140202806918,-0.018005647900225977,-0.024464244513762945,0.03424203332141476,0.004905790799249258,0.043854766347491886
0.021993929998938656,-0.008037585260181692,0.0731008515996469,0.00036850657451561715,0.017113567452992577,0.03968323521909903,0.005474803723995867,-0.024377275613317463,0.039417978751398346,0.05367553914925259,-0.005548973336985744,0.05211620405459347,0.012202041769641075,0.05355295454404368,0.01799203197204252,0.006422172904739133,0.03974350245754956,0.02396163343082519,0.005255336841085702,-0.01285260751321237,-0.0006667982314861249,0.06714283455198242,0.009754267766225703,-0.04515100062204109,0.061933460947168555,-0.0006705442789613285,0.0591631396681296,0.02877475475696112,0.010864677854532285,0.06394995862916923,0.037585900424397384,0.05223454098020659,-0.023834585771816727,0.016023629186677425,0.06814865579272393,0.06311280377324652,-0.011343706173236465,-0.020456233395321665,-0.04118210214617548,0.05379242963613871,0.053600541217173746,0.011427952034630841,0.0670422166478242,-0.013533725577048707,0.03343809123189591,0.055491342047608194,0.005526065292651859,0.055573570829116084,0.013325040218931682,0.05086405508993326,0.0487708592438844,0.01893193861434129,-0.006032323759342874,0.038952258587165944,0.011212731526249702,0.05442087093329666,0.015512734354691334,-0.022166683703650592,0.020760905526149082,-0.007498857044506947,0.05544189027441952,0.00946809693764688,0.043597008155558094,-0.023498162322061256,0.01412389756693195,0.03744194995177323,0.06890036912283354,0.003087788239472709,0.056257456711270054,0.05154736552313219,-0.019759175945003878,0.05011451766977768,0.009259563942757171,0.023545393149026095,0.014333467176736269,-0.01672410559681629,-0.0036285099791566926,-0.03546798220875067,0.03763141722389417,0.050284487348931824,0.01123984205412628,0.06130255652214288,-0.05189983915036663,-0.037596547568505785,0.05216580402252753,0.02019446126543133,-0.006399207562968821,0.029415768990065563,0.06043515386663394,0.004329906719049106,0.037050471042984465,0.004791557035812143,0.04125543191892815,0.011582631701299058,0.04025383864850756,-0.04486133452449557,0.06067383533069854,0.03607958575672602,-0.00823267359275701,0.04321553705708561,-0.009477851766014388
0.018840328074123693,0.03496341577379721,-0.0019532132000783095,0.025325420210283802,0.02993697259798671,0.02084764072497945,0.013392772785804618,0.01510700091761052,0.016003467767846256,0.0137440960738101,0.027564390900761376,0.012202041769641075,0.029673754722334817,0.005375437814367426,0.02483199908235869,0.03533006542970494,0.015025879253624677,0.019518400039346913,0.03372203209826337,0.02476742066828158,0.022303162123611314,-0.0050860823105011894,0.02118263800582534,-0.007963852942063398,-0.012063515134013046,0.02833545634190338,0.010849834927145382,0.024817500849143793,0.03231839092778349,-0.000236238388762283,0.024849232019315434,0.008041107791757112,0.025853743529090572,0.015319265436742798,-0.004134587559838544,-0.003464920050209083,0.01691326260645686,0.018445824264387334,0.017468936373333098,-0.004545831954748801,-0.0030059368289222285,0.03290147990796236,0.0017599857776567807,0.027992023042882307,0.012649319959700115,-0.006693571742064802,0.006479934383156562,0.007092828341849043,0.03022032245188117,0.025988573490282826,0.012834105928723225,0.015637658076785837,0.030672005579442666,0.011142882734483977,0.027386176911995207,0.0005464467806862126,0.03710552724564897,0.02456235712968957,0.011772484579840536,0.028747604721347204,0.012729211763889152,0.025445189628034003,0.018971565409799693,0.017634192895108945,0.026302256255120143,0.024422337613440447,-0.002505704456271775,0.033888211742341835,0.0030477273243960184,0.011235165923603787,0.0036254536957129745,0.022197584169841512,0.021125174758035537,0.03296310313687772,0.015232578510666254,0.019506795947519806,0.02042845737398492,0.016935100024718906,0.00642771579807282,0.012284408861568036,0.012280929896536666,0.0045326246503296745,0.020467259930712016,0.02105767001997703,0.012606143982824251,0.024391434696983908,0.019733096889605783,0.01429584955599668,-0.002488535044127744,0.035183678920486,0.011320635308126435,0.026305993934651696,0.020925726452254392,0.027926340169303857,0.0073469154345170195,0.02368562306439104,0.0001750433916367385,-0.0019515664551810483,0.027922272221787656,0.02048478120805836,0.03340341556531563
0.02625077714254883,-0.022920671075191076,0.08877160966473127,-0.010810218995394623,0.010540970300089872,0.04322458149251297,0.0076647870577432105,-0.03650821613328757,0.04533580056874096,0.060036612733575745,-0.015231871435363845,0.05355295454404368,0.005375437814367426,0.06563579723004846,0.011496878558709175,-0.00399191954377851,0.04072986559333796,0.025901119695797222,-0.006081104980741791,-0.025394565764279047,-0.000703929288091199,0.0819299067533525,0.0055527101063818874,-0.051477805691004866,0.07994505751357346,-0.01344176519032577,0.06407398801905892,0.027046060178863962,0.0021130501643050496,0.07849234254785065,0.03798800133269699,0.06220880149750887,-0.03850005149460248,0.013948259935181605,0.08273098822599939,0.07560180379149879,-0.022012435916492493,-0.03226077433494267,-0.055831125298959845,0.06704126722553981,0.06736564148094294,0.0019401783617568375,0.07892753411609678,-0.02224148264231313,0.03829220793707955,0.0702094110248132,0.007495875135326876,0.06341720906019312,0.0062049732777921095,0.05286831797422881,0.054590591644299816,0.020050534778972576,-0.017822742529524725,0.04661652484434011,0.004238202680801935,0.06582084378691203,0.005177472870685082,-0.02938726752888678,0.026934479921680504,-0.015479378248268597,0.06210940157474773,0.0022461976998573163,0.047685683369734146,-0.02899416522400689,0.007626768890460391,0.03502023708161218,0.08537564638866023,-0.008206215991471717,0.06482146826885592,0.059428709107897,-0.01582605784089361,0.051415197751432024,0.007549822602958807,0.015694150186939617,0.015322192708013301,-0.028597466507597317,-0.010267647403826468,-0.04740361404677844,0.044694828747028084,0.05689648967872087,0.008079196833968572,0.07121113180358085,-0.07031118607613261,-0.051460878385700924,0.05760192759474962,0.017003955620326035,-0.00989056033299717,0.031185330857245463,0.07500887694701654,-0.006965379180152705,0.04198351767293735,-0.0032086748390118703,0.048491940754628815,0.003520669400095922,0.043774760513290045,-0.059905874658425666,0.07493211992151595,0.042138526770307105,-0.022684563488769082,0.04223543954778307,-0.023316159809815284
0.016221778997732215,0.028634929488505004,0.009305600206197064,0.02051637906332897,0.026644945986871872,0.023716600961613904,0.014792287513090193,0.011971370502792527,0.018039300003013646,0.01724912730293193,0.022137942613454906,0.01799203197204252,0.02483199908235869,0.011496878558709175,0.027271586758903045,0.02884712976319001,0.016381038143235004,0.018210490858618502,0.02847491619018534,0.021748191995622255,0.019564001165221865,0.005108690245315729,0.02240316805825519,-0.009143940707677404,0.0021142573410720448,0.023306577738566807,0.01777479410852409,0.025316277622333034,0.028252167642494313,0.011665312939119925,0.025812341213583567,0.01402528362370338,0.019910979066156128,0.01925532652204717,0.007655049560063061,0.008144835690571603,0.017995058845666097,0.01834248859515266,0.01329838078753555,0.007635311222537922,0.008209508804610566,0.03127069097370178,0.011753523212220677,0.022208479217620557,0.013278958942249631,0.005691403676540255,0.010465436389763834,0.01661928541984489,0.028035587697979876,0.028240164822645436,0.01550781176050062,0.015635063061323718,0.02700731427434809,0.015145972762360644,0.026686976149967494,0.011002959277036187,0.03248284159842258,0.019537189673502615,0.01520920311939313,0.024123723830349258,0.01909543098269458,0.024218738056773756,0.018512112284177,0.01434159222257163,0.026972808172215916,0.025001378860145012,0.00968559713514888,0.026682123243474243,0.011185610106711753,0.01748407213352498,0.0017485587083543982,0.023745596482505075,0.0219276380096199,0.029440827038217363,0.01789151500584671,0.014848349848487145,0.01655126221090763,0.01397787524593553,0.013974689052907623,0.016730671133828815,0.014124392013238002,0.010405751789373252,0.010920727586796105,0.014912169554394143,0.016688507150353055,0.02501314478443593,0.017643190489726585,0.018022744317300252,0.009611536436822336,0.02894737048072238,0.01606692635858233,0.023321467591402634,0.022233741507562365,0.025094647973067825,0.012345514088302017,0.014441257005878042,0.008415062467766849,0.004868940923183473,0.02517964902911881,0.02059685129308307,0.02604693133229726
0.022255454862428182,0.04988376789589038,-0.017585860613677458,0.03703610002700187,0.03683180436627219,0.020163435075045512,0.015712173299838338,0.024457031733265147,0.014333276639037194,0.008004487629649,0.039273253770880694,0.006422172904739133,0.03533006542970494,-0.00399191954377851,0.02884712976319001,0.04860534681078145,0.014802183373225725,0.020132635180193245,0.04417712348376212,0.03451354300691278,0.028602964433989728,-0.019716919160680704,0.025814114842641595,-0.0013101376808296115,-0.030350796503662875,0.03947294618845884,0.002739802656149997,0.029106255204747578,0.03954813827984006,-0.014494626763607472,0.025508042371065562,9.373123353770115e-05,0.038757250861815376,0.01919335581560113,-0.019685955242097947,-0.01717754459491949,0.02557641955645012,0.028804947566334192,0.03335416517185689,-0.018577839137796377,-0.016644061495897,0.04033903257978514,-0.010914764519523964,0.04026214479368763,0.010220527520939052,-0.02033053661510144,0.009345286552835145,-0.0038344273803279957,0.03800685134137025,0.02279288470592552,0.00880851648213213,0.01987681851895328,0.041145934053207774,0.0071417176373489545,0.034338616314369165,-0.011534203218416481,0.046320122695543385,0.03554870477907743,0.010296520466368251,0.03988638641854863,0.003264673538316355,0.03496619669935525,0.01690512247032576,0.028184248002455687,0.03146120474214542,0.02743858165812303,-0.017232421225007167,0.045668429832032134,-0.006465441961494783,0.005341012385034246,0.003265364186082658,0.020034835552818975,0.024210879154144913,0.039949500807139326,0.019620273409035986,0.031819126008395544,0.028665555948636876,0.028537985517443826,-0.0012700622244824153,0.006579749084041194,0.01666859268638929,-0.0053792282308494175,0.03792964534270975,0.03625203450602273,0.007184327711562643,0.02961801851601636,0.028161404731930798,0.01216848791446797,-0.018060163657970217,0.04746870062630117,0.009093324919812672,0.03365828392017725,0.017658742058362535,0.037288832525735144,0.0008076248931962198,0.04160004030400151,-0.010830636424877263,-0.010285329961837925,0.039242146043082765,0.020338909725057346,0.04735720937699046
0.025960823856931284,-0.002967761010617583,0.057531299713946556,0.013198802459289451,0.02170173690668062,0.03590683860826192,0.01263375178681059,-0.02209027345630991,0.036346575878297815,0.043240982970844485,0.009844113432929175,0.03974350245754956,0.015025879253624677,0.04072986559333796,0.016381038143235004,0.014802183373225725,0.051784955602647335,0.027103095662251768,0.010842629045355429,-0.0073955591982173274,0.005734852090027535,0.0516029405892779,0.01289442903107759,-0.03348925128087555,0.04509437592766559,0.0027180666368639018,0.04736160227710112,0.025946643005413685,0.009149742521536776,0.04751122107867735,0.03651207791164324,0.04631706950978562,-0.01852877222656688,0.015417398627478153,0.052749444041794484,0.04893949830246157,-0.009966996200861503,-0.017445942608226364,-0.030318656870630203,0.03966776816899878,0.038968336102714024,0.008736501807865856,0.05701768826648299,-0.0010598882194929515,0.029950061592765254,0.041774228282469295,0.0012640700702349615,0.040788366596182846,0.01892421904289474,0.043563775997695835,0.04952073245790212,0.017446586920947516,0.007506044113765177,0.03165190859950952,0.01346393430573195,0.042099545938735446,0.027554588053322126,-0.012671484740620173,0.012731306955568117,0.0037404088765597434,0.04424881056917054,0.013791368949788106,0.03790862916563529,-0.010591293969203169,0.01431259216839448,0.04417237075410112,0.05436025911338904,0.009224639977296768,0.04138903108921216,0.04685685955767617,-0.012175107181349456,0.04930033915869229,0.017183720943615893,0.026152324840169088,0.024013479599296395,0.0028281304372336736,0.0018250326058520151,-0.03147035994250641,0.028904225049883048,0.050606369878194064,0.014543611142500712,0.04982109402387096,-0.03400721843279578,-0.021201045578345866,0.051061359947325434,0.019284359375461274,-0.0014843870265015223,0.030466463572861268,0.043975879294927876,0.012298101184133771,0.03161812926417771,0.002229709865789508,0.03425237332897691,0.013852478406619066,0.026129792955905878,-0.03279103479450087,0.05230851327555637,0.01987898738268491,0.0005161557537659967,0.03914859944991751,-0.0011290335355249378
0.025932921797277162,0.011944837837299362,0.028614444644497486,0.01328422367573685,0.022765652467477082,0.02829475011379376,0.0138141416331534,-0.0037891338758839236,0.027790470580619165,0.0281055265112628,0.01638909410420112,0.02396163343082519,0.019518400039346913,0.025901119695797222,0.018210490858618502,0.020132635180193245,0.027103095662251768,0.026624911682321815,0.017724254933114872,0.00469341722421285,0.01674579213213345,0.023747704840642703,0.013407603018966792,-0.021430410617098036,0.02151906353541992,0.011398494903366281,0.026944646934984082,0.02396678925787887,0.014847374554440892,0.02499188008096704,0.028064417092580687,0.028240293200718036,0.001947775061655096,0.012352804628333377,0.024468135489913383,0.021994257664735645,0.00041161961865424513,-0.0021596540246464116,-0.008968980745610816,0.019526071431837207,0.02109595209737436,0.014142848281345224,0.0275228953608189,0.011788209231122738,0.02384544868230358,0.020944745272500207,0.007418080712877933,0.023762927110898863,0.02059093845455039,0.032841069544605,0.029656292164761882,0.018508829102719053,0.012862884664273518,0.025264680266451442,0.018972120063978977,0.022902164211591598,0.025559511407866768,0.0041438327027791206,0.015620530754144546,0.014365398354205987,0.027274110890778427,0.015211727992565273,0.027442466351458215,0.0053247920306326016,0.019007959964074516,0.029239794577567393,0.02875724264493194,0.01600462796194016,0.02227354095634097,0.028665728898382654,0.001302325970983487,0.03212678171336712,0.017185462364974313,0.02399526030392635,0.019933702804662855,0.008095708663063663,0.011343454972801705,-0.007376697012399187,0.018616627445524517,0.029076939835190056,0.010265458995065207,0.027428880792696075,-0.011835744023539811,-0.0027689385773355646,0.028807965489711852,0.01962850009300748,0.011454234904219481,0.02098639585895943,0.02298676131140843,0.01786924587254321,0.02273191991169444,0.012365176488574804,0.030726100677108917,0.01748154708224987,0.016532061966051618,-0.004636756404015656,0.026735887489510723,0.009901013501208008,0.007409116467869774,0.027243550834628226,0.012071071568477604
